181608 181884 182160 182436 182712 182988 183264 183540 183816 184092 184368 184644 184920 185196 185472 
500595 501400 502205 503010 503815 504620 505425 506230 507035 507840 508645 509450 510255 511060 511865 
819582 820916 822250 823584 824918 826252 827586 828920 830254 831588 832922 834256 835590 836924 838258 
1.13857e+06 1.14043e+06 1.1423e+06 1.14416e+06 1.14602e+06 1.14788e+06 1.14975e+06 1.15161e+06 1.15347e+06 1.15534e+06 1.1572e+06 1.15906e+06 1.16092e+06 1.16279e+06 1.16465e+06 
1.45756e+06 1.45995e+06 1.46234e+06 1.46473e+06 1.46712e+06 1.46952e+06 1.47191e+06 1.4743e+06 1.47669e+06 1.47908e+06 1.48148e+06 1.48387e+06 1.48626e+06 1.48865e+06 1.49104e+06 
1.77654e+06 1.77946e+06 1.78238e+06 1.78531e+06 1.78823e+06 1.79115e+06 1.79407e+06 1.79699e+06 1.79991e+06 1.80283e+06 1.80575e+06 1.80867e+06 1.8116e+06 1.81452e+06 1.81744e+06 
2.09553e+06 2.09898e+06 2.10243e+06 2.10588e+06 2.10933e+06 2.11278e+06 2.11623e+06 2.11968e+06 2.12313e+06 2.12658e+06 2.13003e+06 2.13348e+06 2.13693e+06 2.14038e+06 2.14383e+06 
2.41452e+06 2.4185e+06 2.42248e+06 2.42645e+06 2.43043e+06 2.43441e+06 2.43839e+06 2.44237e+06 2.44635e+06 2.45033e+06 2.45431e+06 2.45829e+06 2.46226e+06 2.46624e+06 2.47022e+06 
2.7335e+06 2.73801e+06 2.74252e+06 2.74703e+06 2.75154e+06 2.75604e+06 2.76055e+06 2.76506e+06 2.76957e+06 2.77408e+06 2.77858e+06 2.78309e+06 2.7876e+06 2.79211e+06 2.79662e+06 
3.05249e+06 3.05753e+06 3.06256e+06 3.0676e+06 3.07264e+06 3.07768e+06 3.08271e+06 3.08775e+06 3.09279e+06 3.09782e+06 3.10286e+06 3.1079e+06 3.11294e+06 3.11797e+06 3.12301e+06 
3.37148e+06 3.37704e+06 3.38261e+06 3.38818e+06 3.39374e+06 3.39931e+06 3.40487e+06 3.41044e+06 3.41601e+06 3.42157e+06 3.42714e+06 3.4327e+06 3.43827e+06 3.44384e+06 3.4494e+06 
3.69046e+06 3.69656e+06 3.70266e+06 3.70875e+06 3.71484e+06 3.72094e+06 3.72704e+06 3.73313e+06 3.73922e+06 3.74532e+06 3.75142e+06 3.75751e+06 3.7636e+06 3.7697e+06 3.7758e+06 
4.00945e+06 4.01608e+06 4.0227e+06 4.02932e+06 4.03595e+06 4.04257e+06 4.0492e+06 4.05582e+06 4.06244e+06 4.06907e+06 4.07569e+06 4.08232e+06 4.08894e+06 4.09556e+06 4.10219e+06 
4.32844e+06 4.33559e+06 4.34274e+06 4.3499e+06 4.35705e+06 4.3642e+06 4.37136e+06 4.37851e+06 4.38566e+06 4.39282e+06 4.39997e+06 4.40712e+06 4.41428e+06 4.42143e+06 4.42858e+06 
4.64743e+06 4.65511e+06 4.66279e+06 4.67047e+06 4.67815e+06 4.68584e+06 4.69352e+06 4.7012e+06 4.70888e+06 4.71656e+06 4.72425e+06 4.73193e+06 4.73961e+06 4.74729e+06 4.75497e+06 
4.96641e+06 4.97462e+06 4.98284e+06 4.99105e+06 4.99926e+06 5.00747e+06 5.01568e+06 5.02389e+06 5.0321e+06 5.04031e+06 5.04852e+06 5.05673e+06 5.06494e+06 5.07316e+06 5.08137e+06 
5.2854e+06 5.29414e+06 5.30288e+06 5.31162e+06 5.32036e+06 5.3291e+06 5.33784e+06 5.34658e+06 5.35532e+06 5.36406e+06 5.3728e+06 5.38154e+06 5.39028e+06 5.39902e+06 5.40776e+06 
5.60439e+06 5.61366e+06 5.62292e+06 5.63219e+06 5.64146e+06 5.65073e+06 5.66e+06 5.66927e+06 5.67854e+06 5.68781e+06 5.69708e+06 5.70635e+06 5.71562e+06 5.72488e+06 5.73415e+06 
5.92337e+06 5.93317e+06 5.94297e+06 5.95277e+06 5.96257e+06 5.97236e+06 5.98216e+06 5.99196e+06 6.00176e+06 6.01156e+06 6.02135e+06 6.03115e+06 6.04095e+06 6.05075e+06 6.06055e+06 
